0 34 1 1
0 38 0 1
0 19 1 1
0 33 1 1
0 35 1 1
0 36 1 1
0 37 1 1
0 0 1 1
0 1 1 1
0 2 0 1
0 3 1 1
0 4 1 1
0 5 0 1
0 6 1 1
0 7 1 1
0 8 1 1
0 9 1 1
0 10 0 1
0 11 0 1
0 12 1 1
0 13 1 1
0 14 0 1
0 15 0 1
0 16 0 1
0 17 0 1
0 18 0 1
0 20 1 1
0 21 1 1
0 22 1 1
0 23 1 1
0 24 1 1
0 25 1 1
0 26 0 1
0 27 0 1
0 28 1 1
0 29 1 1
0 30 1 1
0 31 1 1
0 32 1 1
1 34 1 1
1 38 0 1
1 19 1 1
1 33 1 1
1 35 1 1
1 36 1 1
1 37 1 1
1 0 1 1
1 1 1 1
1 2 0 1
1 3 0 1
1 4 0 1
1 5 0 1
1 6 1 1
1 7 0 1
1 8 1 1
1 9 1 1
1 10 0 1
1 11 0 1
1 12 0 1
1 13 0 1
1 14 0 1
1 15 0 1
1 16 0 1
1 17 1 1
1 18 0 1
1 20 1 1
1 21 0 1
1 22 1 1
1 23 1 1
1 24 0 1
1 25 1 1
1 26 0 1
1 27 1 1
1 28 1 1
1 29 0 1
1 30 0 1
1 31 0 1
1 32 1 1
2 34 1 1
2 38 1 1
2 19 1 1
2 33 1 1
2 35 1 1
2 36 1 1
2 37 1 1
2 0 1 1
2 1 1 1
2 2 0 1
2 3 0 1
2 4 1 1
2 5 0 1
2 6 1 1
2 7 1 1
2 8 1 1
2 9 1 1
2 10 0 1
2 11 0 1
2 12 1 1
2 13 0 1
2 14 1 1
2 15 0 1
2 16 0 1
2 17 1 1
2 18 0 1
2 20 1 1
2 21 0 1
2 22 1 1
2 23 1 1
2 24 1 1
2 25 1 1
2 26 0 1
2 27 1 1
2 28 1 1
2 29 1 1
2 30 0 1
2 31 1 1
2 32 0 1
3 34 0 1
3 38 0 1
3 19 1 1
3 33 0 1
3 35 1 1
3 36 0 1
3 37 1 1
3 0 0 1
3 1 0 1
3 2 0 1
3 3 1 1
3 4 1 1
3 5 1 1
3 6 1 1
3 7 0 1
3 8 1 1
3 9 1 1
3 10 0 1
3 11 0 1
3 12 0 1
3 13 0 1
3 14 0 1
3 15 0 1
3 16 0 1
3 17 1 1
3 18 1 1
3 20 1 1
3 21 0 1
3 22 1 1
3 23 0 1
3 24 0 1
3 25 0 1
3 26 0 1
3 27 0 1
3 28 0 1
3 29 1 1
3 30 0 1
3 31 0 1
3 32 0 1
4 34 1 1
4 38 0 1
4 19 1 1
4 33 0 1
4 35 0 1
4 36 1 1
4 37 1 1
4 0 1 1
4 1 0 1
4 2 0 1
4 3 0 1
4 4 1 1
4 5 1 1
4 6 1 1
4 7 1 1
4 8 0 1
4 9 1 1
4 10 0 1
4 11 0 1
4 12 1 1
4 13 0 1
4 14 0 1
4 15 0 1
4 16 0 1
4 17 1 1
4 18 0 1
4 20 1 1
4 21 0 1
4 22 0 1
4 23 1 1
4 24 0 1
4 25 0 1
4 26 0 1
4 27 0 1
4 28 1 1
4 29 0 1
4 30 1 1
4 31 1 1
4 32 0 1
5 34 1 1
5 38 1 1
5 19 1 1
5 33 1 1
5 35 1 1
5 36 0 1
5 37 0 1
5 0 1 1
5 1 1 1
5 2 0 1
5 3 0 1
5 4 1 1
5 5 1 1
5 6 1 1
5 7 1 1
5 8 1 1
5 9 1 1
5 10 1 1
5 11 1 1
5 12 1 1
5 13 0 1
5 14 1 1
5 15 0 1
5 16 0 1
5 17 1 1
5 18 1 1
5 20 1 1
5 21 0 1
5 22 1 1
5 23 1 1
5 24 1 1
5 25 0 1
5 26 1 1
5 27 1 1
5 28 1 1
5 29 1 1
5 30 1 1
5 31 0 1
5 32 0 1
6 34 1 1
6 38 1 1
6 19 1 1
6 33 1 1
6 35 1 1
6 36 1 1
6 37 0 1
6 0 1 1
6 1 1 1
6 2 0 1
6 3 0 1
6 4 1 1
6 5 0 1
6 6 1 1
6 7 1 1
6 8 0 1
6 9 1 1
6 10 0 1
6 11 0 1
6 12 0 1
6 13 1 1
6 14 1 1
6 15 0 1
6 16 0 1
6 17 1 1
6 18 0 1
6 20 1 1
6 21 0 1
6 22 1 1
6 23 1 1
6 24 0 1
6 25 1 1
6 26 0 1
6 27 0 1
6 28 1 1
6 29 1 1
6 30 1 1
6 31 1 1
6 32 0 1
8 34 1 1
8 38 1 1
8 19 1 1
8 33 1 1
8 35 1 1
8 36 1 1
8 37 1 1
8 0 1 1
8 1 0 1
8 2 0 1
8 3 1 1
8 4 1 1
8 5 1 1
8 6 1 1
8 7 1 1
8 8 1 1
8 9 1 1
8 10 1 1
8 11 1 1
8 12 0 1
8 13 0 1
8 14 0 1
8 15 0 1
8 16 0 1
8 17 1 1
8 18 0 1
8 20 1 1
8 21 0 1
8 22 1 1
8 23 1 1
8 24 0 1
8 25 1 1
8 26 1 1
8 27 1 1
8 28 1 1
8 29 1 1
8 30 0 1
8 31 1 1
8 32 0 1
9 34 1 1
9 38 0 1
9 19 1 1
9 33 1 1
9 35 1 1
9 36 1 1
9 37 1 1
9 0 1 1
9 1 0 1
9 2 1 1
9 3 0 1
9 4 1 1
9 5 0 1
9 6 1 1
9 7 0 1
9 8 1 1
9 9 0 1
9 10 0 1
9 11 0 1
9 12 1 1
9 13 1 1
9 14 0 1
9 15 0 1
9 16 0 1
9 17 1 1
9 18 0 1
9 20 0 1
9 21 0 1
9 22 0 1
9 23 1 1
9 24 0 1
9 25 0 1
9 26 0 1
9 27 1 1
9 28 0 1
9 29 0 1
9 30 0 1
9 31 0 1
9 32 0 1
10 34 1 1
10 38 1 1
10 19 0 1
10 33 1 1
10 35 1 1
10 36 1 1
10 37 1 1
10 0 1 1
10 1 0 1
10 2 0 1
10 3 1 1
10 4 1 1
10 5 0 1
10 6 1 1
10 7 1 1
10 8 1 1
10 9 1 1
10 10 1 1
10 11 0 1
10 12 1 1
10 13 0 1
10 14 1 1
10 15 0 1
10 16 1 1
10 17 1 1
10 18 0 1
10 20 1 1
10 21 0 1
10 22 0 1
10 23 1 1
10 24 0 1
10 25 1 1
10 26 0 1
10 27 0 1
10 28 1 1
10 29 0 1
10 30 1 1
10 31 0 1
10 32 1 1
11 34 0 1
11 38 0 1
11 19 1 1
11 33 0 1
11 35 1 1
11 36 1 1
11 37 1 1
11 0 1 1
11 1 1 1
11 2 0 1
11 3 0 1
11 4 1 1
11 5 1 1
11 6 1 1
11 7 0 1
11 8 1 1
11 9 1 1
11 10 0 1
11 11 1 1
11 12 1 1
11 13 1 1
11 14 1 1
11 15 0 1
11 16 1 1
11 17 1 1
11 18 0 1
11 20 1 1
11 21 0 1
11 22 0 1
11 23 1 1
11 24 1 1
11 25 1 1
11 26 0 1
11 27 1 1
11 28 1 1
11 29 0 1
11 30 1 1
11 31 1 1
11 32 1 1
12 34 1 1
12 38 1 1
12 19 1 1
12 33 1 1
12 35 1 1
12 36 1 1
12 37 1 1
12 0 1 1
12 1 1 1
12 2 0 1
12 3 1 1
12 4 1 1
12 5 0 1
12 6 1 1
12 7 0 1
12 8 1 1
12 9 1 1
12 10 0 1
12 11 0 1
12 12 1 1
12 13 0 1
12 14 1 1
12 15 0 1
12 16 1 1
12 17 0 1
12 18 0 1
12 20 1 1
12 21 1 1
12 22 1 1
12 23 1 1
12 24 0 1
12 25 1 1
12 26 0 1
12 27 0 1
12 28 1 1
12 29 0 1
12 30 1 1
12 31 0 1
12 32 1 1
14 34 0 1
14 38 1 1
14 19 0 1
14 33 0 1
14 35 0 1
14 36 1 1
14 37 1 1
14 0 1 1
14 1 0 1
14 2 0 1
14 3 1 1
14 4 1 1
14 5 0 1
14 6 0 1
14 7 1 1
14 8 0 1
14 9 0 1
14 10 0 1
14 11 0 1
14 12 1 1
14 13 0 1
14 14 0 1
14 15 0 1
14 16 1 1
14 17 0 1
14 18 0 1
14 20 0 1
14 21 0 1
14 22 0 1
14 23 0 1
14 24 0 1
14 25 0 1
14 26 0 1
14 27 0 1
14 28 0 1
14 29 0 1
14 30 1 1
14 31 0 1
14 32 0 1
15 34 1 1
15 38 0 1
15 19 1 1
15 33 1 1
15 35 1 1
15 36 1 1
15 37 1 1
15 0 1 1
15 1 0 1
15 2 1 1
15 3 0 1
15 4 1 1
15 5 1 1
15 6 1 1
15 7 0 1
15 8 0 1
15 9 1 1
15 10 1 1
15 11 0 1
15 12 1 1
15 13 0 1
15 14 1 1
15 15 0 1
15 16 0 1
15 17 1 1
15 18 0 1
15 20 1 1
15 21 0 1
15 22 0 1
15 23 1 1
15 24 1 1
15 25 0 1
15 26 0 1
15 27 1 1
15 28 1 1
15 29 1 1
15 30 0 1
15 31 1 1
15 32 1 1
16 34 0 1
16 38 0 1
16 19 1 1
16 33 0 1
16 35 1 1
16 36 1 1
16 37 1 1
16 0 0 1
16 1 0 1
16 2 0 1
16 3 0 1
16 4 1 1
16 5 1 1
16 6 1 1
16 7 0 1
16 8 1 1
16 9 0 1
16 10 0 1
16 11 0 1
16 12 1 1
16 13 0 1
16 14 0 1
16 15 0 1
16 16 0 1
16 17 0 1
16 18 0 1
16 20 1 1
16 21 0 1
16 22 0 1
16 23 1 1
16 24 1 1
16 25 0 1
16 26 0 1
16 27 0 1
16 28 1 1
16 29 1 1
16 30 0 1
16 31 0 1
16 32 1 1
17 34 0 1
17 38 0 1
17 19 0 1
17 33 0 1
17 35 0 1
17 36 1 1
17 37 1 1
17 0 0 1
17 1 0 1
17 2 0 1
17 3 0 1
17 4 0 1
17 5 0 1
17 6 0 1
17 7 1 1
17 8 1 1
17 9 0 1
17 10 0 1
17 11 0 1
17 12 1 1
17 13 0 1
17 14 0 1
17 15 0 1
17 16 0 1
17 17 1 1
17 18 0 1
17 20 1 1
17 21 0 1
17 22 0 1
17 23 0 1
17 24 0 1
17 25 0 1
17 26 0 1
17 27 0 1
17 28 0 1
17 29 0 1
17 30 1 1
17 31 0 1
17 32 0 1
18 34 1 1
18 38 0 1
18 19 1 1
18 33 1 1
18 35 1 1
18 36 1 1
18 37 1 1
18 0 1 1
18 1 1 1
18 2 1 1
18 3 0 1
18 4 1 1
18 5 1 1
18 6 1 1
18 7 1 1
18 8 1 1
18 9 1 1
18 10 0 1
18 11 0 1
18 12 1 1
18 13 0 1
18 14 1 1
18 15 0 1
18 16 0 1
18 17 1 1
18 18 0 1
18 20 1 1
18 21 0 1
18 22 1 1
18 23 1 1
18 24 1 1
18 25 1 1
18 26 0 1
18 27 1 1
18 28 1 1
18 29 0 1
18 30 1 1
18 31 1 1
18 32 0 1
20 34 1 1
20 38 1 1
20 19 1 1
20 33 1 1
20 35 1 1
20 36 1 1
20 37 1 1
20 0 1 1
20 1 0 1
20 2 1 1
20 3 0 1
20 4 1 1
20 5 0 1
20 6 1 1
20 7 1 1
20 8 1 1
20 9 1 1
20 10 0 1
20 11 1 1
20 12 0 1
20 13 0 1
20 14 1 1
20 15 1 1
20 16 0 1
20 17 1 1
20 18 1 1
20 20 1 1
20 21 0 1
20 22 0 1
20 23 1 1
20 24 1 1
20 25 0 1
20 26 1 1
20 27 1 1
20 28 1 1
20 29 0 1
20 30 0 1
20 31 0 1
20 32 0 1
21 34 1 1
21 38 0 1
21 19 1 1
21 33 1 1
21 35 1 1
21 36 1 1
21 37 1 1
21 0 1 1
21 1 1 1
21 2 0 1
21 3 0 1
21 4 1 1
21 5 0 1
21 6 1 1
21 7 0 1
21 8 0 1
21 9 1 1
21 10 0 1
21 11 0 1
21 12 1 1
21 13 0 1
21 14 0 1
21 15 0 1
21 16 0 1
21 17 1 1
21 18 0 1
21 20 1 1
21 21 0 1
21 22 1 1
21 23 0 1
21 24 0 1
21 25 0 1
21 26 0 1
21 27 0 1
21 28 0 1
21 29 1 1
21 30 1 1
21 31 1 1
21 32 0 1
22 34 1 1
22 38 1 1
22 19 1 1
22 33 0 1
22 35 0 1
22 36 1 1
22 37 1 1
22 0 1 1
22 1 1 1
22 2 0 1
22 3 1 1
22 4 1 1
22 5 0 1
22 6 1 1
22 7 1 1
22 8 1 1
22 9 1 1
22 10 0 1
22 11 0 1
22 12 1 1
22 13 0 1
22 14 1 1
22 15 1 1
22 16 1 1
22 17 1 1
22 18 0 1
22 20 1 1
22 21 0 1
22 22 1 1
22 23 1 1
22 24 0 1
22 25 1 1
22 26 1 1
22 27 0 1
22 28 1 1
22 29 0 1
22 30 1 1
22 31 1 1
22 32 0 1
7 34 1 1
7 38 1 1
7 19 1 1
7 33 1 1
7 35 1 1
7 36 1 1
7 37 0 1
7 0 1 1
7 1 1 1
7 2 0 1
7 3 0 1
7 4 1 1
7 5 1 1
7 6 1 1
7 7 0 1
7 8 1 1
7 9 1 1
7 10 0 1
7 11 1 1
7 12 1 1
7 13 0 1
7 14 1 1
7 15 0 1
7 16 1 1
7 17 0 1
7 18 1 1
7 20 1 1
7 21 1 1
7 22 0 1
7 23 1 1
7 24 1 1
7 25 1 1
7 26 1 1
7 27 1 1
7 28 1 1
7 29 0 1
7 30 1 1
7 31 1 1
7 32 1 1
13 34 0 1
13 38 0 1
13 19 1 1
13 33 1 1
13 35 1 1
13 36 0 1
13 37 1 1
13 0 1 1
13 1 1 1
13 2 0 1
13 3 1 1
13 4 1 1
13 5 0 1
13 6 1 1
13 7 0 1
13 8 1 1
13 9 1 1
13 10 1 1
13 11 1 1
13 12 0 1
13 13 0 1
13 14 1 1
13 15 0 1
13 16 1 1
13 17 0 1
13 18 1 1
13 20 1 1
13 21 0 1
13 22 1 1
13 23 0 1
13 24 1 1
13 25 1 1
13 26 1 1
13 27 0 1
13 28 1 1
13 29 1 1
13 30 1 1
13 31 1 1
13 32 1 1
19 34 0 1
19 38 1 1
19 19 1 1
19 33 1 1
19 35 1 1
19 36 1 1
19 37 1 1
19 0 1 1
19 1 1 1
19 2 1 1
19 3 0 1
19 4 1 1
19 5 0 1
19 6 1 1
19 7 0 1
19 8 0 1
19 9 1 1
19 10 0 1
19 11 1 1
19 12 1 1
19 13 0 1
19 14 0 1
19 15 0 1
19 16 1 1
19 17 1 1
19 18 0 1
19 20 1 1
19 21 0 1
19 22 0 1
19 23 1 1
19 24 0 1
19 25 1 1
19 26 0 1
19 27 0 1
19 28 1 1
19 29 1 1
19 30 1 1
19 31 1 1
19 32 1 1
29 34 0 1
29 38 1 1
29 19 1 1
29 33 0 1
29 35 1 1
29 36 1 1
29 37 1 1
29 0 1 1
29 1 0 1
29 2 0 1
29 3 1 1
29 4 1 1
29 5 1 1
29 6 1 1
29 7 1 1
29 8 0 1
29 9 1 1
29 10 0 1
29 11 0 1
29 12 0 1
29 13 0 1
29 14 1 1
29 15 0 1
29 16 0 1
29 17 1 1
29 18 0 1
29 20 1 1
29 21 0 1
29 22 0 1
29 23 1 1
29 24 0 1
29 25 1 1
29 26 0 1
29 27 1 1
29 28 0 1
29 29 0 1
29 30 0 1
29 31 0 1
29 32 0 1
34 34 1 1
34 38 1 1
34 19 0 1
34 33 1 1
34 35 1 1
34 36 1 1
34 37 1 1
34 0 1 1
34 1 0 1
34 2 0 1
34 3 0 1
34 4 1 1
34 5 0 1
34 6 1 1
34 7 0 1
34 8 0 1
34 9 1 1
34 10 0 1
34 11 1 1
34 12 0 1
34 13 0 1
34 14 0 1
34 15 0 1
34 16 0 1
34 17 1 1
34 18 0 1
34 20 1 1
34 21 0 1
34 22 1 1
34 23 0 1
34 24 0 1
34 25 0 1
34 26 1 1
34 27 0 1
34 28 0 1
34 29 0 1
34 30 1 1
34 31 0 1
34 32 0 1
37 34 0 1
37 38 0 1
37 19 1 1
37 33 1 1
37 35 0 1
37 36 1 1
37 37 1 1
37 0 1 1
37 1 0 1
37 2 0 1
37 3 0 1
37 4 1 1
37 5 0 1
37 6 1 1
37 7 1 1
37 8 0 1
37 9 1 1
37 10 0 1
37 11 0 1
37 12 0 1
37 13 0 1
37 14 0 1
37 15 0 1
37 16 0 1
37 17 1 1
37 18 0 1
37 20 1 1
37 21 0 1
37 22 1 1
37 23 0 1
37 24 0 1
37 25 0 1
37 26 0 1
37 27 0 1
37 28 1 1
37 29 0 1
37 30 0 1
37 31 0 1
37 32 0 1
39 34 0 1
39 38 0 1
39 19 1 1
39 33 1 1
39 35 0 1
39 36 1 1
39 37 1 1
39 0 1 1
39 1 0 1
39 2 0 1
39 3 0 1
39 4 1 1
39 5 0 1
39 6 1 1
39 7 0 1
39 8 1 1
39 9 1 1
39 10 0 1
39 11 0 1
39 12 1 1
39 13 0 1
39 14 0 1
39 15 0 1
39 16 0 1
39 17 0 1
39 18 0 1
39 20 1 1
39 21 0 1
39 22 1 1
39 23 1 1
39 24 0 1
39 25 0 1
39 26 0 1
39 27 0 1
39 28 1 1
39 29 0 1
39 30 1 1
39 31 0 1
39 32 0 1
40 34 1 1
40 38 1 1
40 19 1 1
40 33 1 1
40 35 1 1
40 36 1 1
40 37 1 1
40 0 1 1
40 1 1 1
40 2 0 1
40 3 0 1
40 4 1 1
40 5 1 1
40 6 1 1
40 7 0 1
40 8 1 1
40 9 1 1
40 10 0 1
40 11 1 1
40 12 1 1
40 13 0 1
40 14 0 1
40 15 0 1
40 16 0 1
40 17 1 1
40 18 0 1
40 20 1 1
40 21 0 1
40 22 1 1
40 23 1 1
40 24 1 1
40 25 1 1
40 26 0 1
40 27 0 1
40 28 1 1
40 29 0 1
40 30 1 1
40 31 1 1
40 32 0 1
41 34 1 1
41 38 1 1
41 19 1 1
41 33 1 1
41 35 1 1
41 36 0 1
41 37 1 1
41 0 1 1
41 1 0 1
41 2 0 1
41 3 0 1
41 4 1 1
41 5 0 1
41 6 1 1
41 7 1 1
41 8 1 1
41 9 1 1
41 10 0 1
41 11 0 1
41 12 1 1
41 13 0 1
41 14 1 1
41 15 0 1
41 16 0 1
41 17 1 1
41 18 0 1
41 20 1 1
41 21 1 1
41 22 1 1
41 23 1 1
41 24 1 1
41 25 1 1
41 26 0 1
41 27 1 1
41 28 1 1
41 29 0 1
41 30 1 1
41 31 1 1
41 32 1 1
52 34 0 0
52 38 0 0
52 19 1 0
52 33 0 0
52 35 1 0
52 36 1 0
52 37 1 0
52 0 0 0
52 1 0 0
52 2 1 0
52 3 0 0
52 4 0 0
52 5 0 0
52 6 1 0
52 7 0 0
52 8 0 0
52 9 0 0
52 10 0 0
52 11 0 0
52 12 0 0
52 13 0 0
52 14 0 0
52 15 0 0
52 16 0 0
52 17 0 0
52 18 0 0
52 20 0 0
52 21 0 0
52 22 0 0
52 23 0 0
52 24 0 0
52 25 0 0
52 26 0 0
52 27 0 0
52 28 0 0
52 29 0 0
52 30 0 0
52 31 0 0
52 32 0 0
54 34 0 0
54 38 0 0
54 19 1 0
54 33 1 0
54 35 1 0
54 36 1 0
54 37 1 0
54 0 0 0
54 1 0 0
54 2 1 0
54 3 1 0
54 4 0 0
54 5 0 0
54 6 1 0
54 7 1 0
54 8 1 0
54 9 1 0
54 10 0 0
54 11 0 0
54 12 1 0
54 13 0 0
54 14 0 0
54 15 1 0
54 16 0 0
54 17 0 0
54 18 0 0
54 20 0 0
54 21 1 0
54 22 0 0
54 23 0 0
54 24 0 0
54 25 0 0
54 26 0 0
54 27 0 0
54 28 0 0
54 29 1 0
54 30 0 0
54 31 0 0
54 32 0 0
57 34 0 0
57 38 1 0
57 19 0 0
57 33 1 0
57 35 1 0
57 36 1 0
57 37 1 0
57 0 0 0
57 1 0 0
57 2 0 0
57 3 1 0
57 4 1 0
57 5 0 0
57 6 1 0
57 7 0 0
57 8 0 0
57 9 0 0
57 10 0 0
57 11 0 0
57 12 0 0
57 13 1 0
57 14 0 0
57 15 0 0
57 16 1 0
57 17 0 0
57 18 1 0
57 20 0 0
57 21 0 0
57 22 0 0
57 23 0 0
57 24 1 0
57 25 0 0
57 26 0 0
57 27 1 0
57 28 0 0
57 29 0 0
57 30 0 0
57 31 0 0
57 32 0 0
60 34 0 0
60 38 0 0
60 19 1 0
60 33 1 0
60 35 0 0
60 36 0 0
60 37 0 0
60 0 0 0
60 1 0 0
60 2 1 0
60 3 0 0
60 4 0 0
60 5 0 0
60 6 0 0
60 7 0 0
60 8 0 0
60 9 0 0
60 10 0 0
60 11 0 0
60 12 0 0
60 13 1 0
60 14 0 0
60 15 0 0
60 16 0 0
60 17 0 0
60 18 0 0
60 20 0 0
60 21 0 0
60 22 0 0
60 23 0 0
60 24 0 0
60 25 0 0
60 26 0 0
60 27 0 0
60 28 0 0
60 29 0 0
60 30 0 0
60 31 0 0
60 32 0 0
70 34 0 0
70 38 1 0
70 19 1 0
70 33 1 0
70 35 0 0
70 36 1 0
70 37 1 0
70 0 0 0
70 1 0 0
70 2 1 0
70 3 1 0
70 4 0 0
70 5 0 0
70 6 1 0
70 7 0 0
70 8 0 0
70 9 0 0
70 10 0 0
70 11 0 0
70 12 0 0
70 13 1 0
70 14 0 0
70 15 1 0
70 16 0 0
70 17 0 0
70 18 0 0
70 20 0 0
70 21 0 0
70 22 0 0
70 23 0 0
70 24 0 0
70 25 0 0
70 26 0 0
70 27 1 0
70 28 0 0
70 29 0 0
70 30 0 0
70 31 0 0
70 32 0 0
73 34 0 0
73 38 1 0
73 19 1 0
73 33 1 0
73 35 0 0
73 36 1 0
73 37 0 0
73 0 0 0
73 1 0 0
73 2 0 0
73 3 1 0
73 4 1 0
73 5 0 0
73 6 0 0
73 7 0 0
73 8 0 0
73 9 0 0
73 10 1 0
73 11 0 0
73 12 0 0
73 13 1 0
73 14 0 0
73 15 0 0
73 16 1 0
73 17 0 0
73 18 0 0
73 20 0 0
73 21 0 0
73 22 0 0
73 23 0 0
73 24 0 0
73 25 0 0
73 26 0 0
73 27 0 0
73 28 0 0
73 29 0 0
73 30 0 0
73 31 0 0
73 32 0 0
80 34 0 0
80 38 0 0
80 19 1 0
80 33 1 0
80 35 1 0
80 36 1 0
80 37 1 0
80 0 0 0
80 1 0 0
80 2 1 0
80 3 0 0
80 4 0 0
80 5 1 0
80 6 1 0
80 7 0 0
80 8 0 0
80 9 0 0
80 10 0 0
80 11 0 0
80 12 0 0
80 13 0 0
80 14 0 0
80 15 1 0
80 16 0 0
80 17 0 0
80 18 0 0
80 20 0 0
80 21 0 0
80 22 0 0
80 23 0 0
80 24 1 0
80 25 0 0
80 26 0 0
80 27 0 0
80 28 0 0
80 29 0 0
80 30 1 0
80 31 0 0
80 32 0 0
85 34 0 0
85 38 1 0
85 19 0 0
85 33 1 0
85 35 0 0
85 36 1 0
85 37 0 0
85 0 0 0
85 1 0 0
85 2 0 0
85 3 1 0
85 4 0 0
85 5 0 0
85 6 1 0
85 7 0 0
85 8 0 0
85 9 0 0
85 10 0 0
85 11 0 0
85 12 0 0
85 13 0 0
85 14 0 0
85 15 0 0
85 16 0 0
85 17 0 0
85 18 0 0
85 20 1 0
85 21 0 0
85 22 0 0
85 23 0 0
85 24 0 0
85 25 0 0
85 26 0 0
85 27 0 0
85 28 0 0
85 29 0 0
85 30 0 0
85 31 0 0
85 32 0 0
87 34 0 0
87 38 1 0
87 19 1 0
87 33 1 0
87 35 0 0
87 36 1 0
87 37 1 0
87 0 0 0
87 1 0 0
87 2 1 0
87 3 1 0
87 4 0 0
87 5 0 0
87 6 1 0
87 7 0 0
87 8 0 0
87 9 0 0
87 10 0 0
87 11 0 0
87 12 0 0
87 13 0 0
87 14 0 0
87 15 0 0
87 16 0 0
87 17 0 0
87 18 0 0
87 20 0 0
87 21 0 0
87 22 0 0
87 23 0 0
87 24 0 0
87 25 0 0
87 26 0 0
87 27 1 0
87 28 0 0
87 29 0 0
87 30 0 0
87 31 0 0
87 32 0 0
97 34 0 0
97 38 0 0
97 19 1 0
97 33 1 0
97 35 1 0
97 36 1 0
97 37 1 0
97 0 0 0
97 1 0 0
97 2 1 0
97 3 1 0
97 4 1 0
97 5 0 0
97 6 1 0
97 7 0 0
97 8 0 0
97 9 0 0
97 10 0 0
97 11 0 0
97 12 0 0
97 13 0 0
97 14 0 0
97 15 1 0
97 16 0 0
97 17 0 0
97 18 0 0
97 20 1 0
97 21 1 0
97 22 0 0
97 23 0 0
97 24 1 0
97 25 0 0
97 26 1 0
97 27 1 0
97 28 0 0
97 29 0 0
97 30 0 0
97 31 0 0
97 32 1 0
101 34 0 0
101 38 0 0
101 19 1 0
101 33 0 0
101 35 1 0
101 36 1 0
101 37 1 0
101 0 0 0
101 1 0 0
101 2 0 0
101 3 0 0
101 4 1 0
101 5 1 0
101 6 1 0
101 7 0 0
101 8 0 0
101 9 0 0
101 10 0 0
101 11 0 0
101 12 0 0
101 13 0 0
101 14 0 0
101 15 0 0
101 16 0 0
101 17 0 0
101 18 0 0
101 20 0 0
101 21 0 0
101 22 0 0
101 23 0 0
101 24 1 0
101 25 0 0
101 26 0 0
101 27 0 0
101 28 0 0
101 29 0 0
101 30 0 0
101 31 0 0
101 32 0 0
23 34 0 1
23 38 1 1
23 19 1 1
23 33 1 1
23 35 1 1
23 36 1 1
23 37 1 1
23 0 1 1
23 1 0 1
23 2 1 1
23 3 1 1
23 4 1 1
23 5 1 1
23 6 1 1
23 7 1 1
23 8 1 1
23 9 1 1
23 10 0 1
23 11 1 1
23 12 1 1
23 13 0 1
23 14 1 1
23 15 0 1
23 16 1 1
23 17 1 1
23 18 0 1
23 20 1 1
23 21 0 1
23 22 0 1
23 23 1 1
23 24 0 1
23 25 1 1
23 26 1 1
23 27 1 1
23 28 1 1
23 29 0 1
23 30 1 1
23 31 1 1
23 32 0 1
24 34 1 1
24 38 0 1
24 19 1 1
24 33 1 1
24 35 1 1
24 36 1 1
24 37 1 1
24 0 1 1
24 1 1 1
24 2 0 1
24 3 1 1
24 4 1 1
24 5 1 1
24 6 1 1
24 7 0 1
24 8 1 1
24 9 1 1
24 10 0 1
24 11 0 1
24 12 1 1
24 13 0 1
24 14 1 1
24 15 1 1
24 16 1 1
24 17 1 1
24 18 0 1
24 20 1 1
24 21 0 1
24 22 1 1
24 23 0 1
24 24 0 1
24 25 1 1
24 26 0 1
24 27 0 1
24 28 0 1
24 29 0 1
24 30 1 1
24 31 0 1
24 32 0 1
25 34 1 1
25 38 1 1
25 19 1 1
25 33 1 1
25 35 1 1
25 36 1 1
25 37 1 1
25 0 1 1
25 1 0 1
25 2 0 1
25 3 0 1
25 4 1 1
25 5 0 1
25 6 1 1
25 7 0 1
25 8 1 1
25 9 1 1
25 10 0 1
25 11 0 1
25 12 0 1
25 13 0 1
25 14 0 1
25 15 0 1
25 16 0 1
25 17 1 1
25 18 0 1
25 20 1 1
25 21 0 1
25 22 0 1
25 23 1 1
25 24 0 1
25 25 0 1
25 26 0 1
25 27 0 1
25 28 0 1
25 29 0 1
25 30 1 1
25 31 0 1
25 32 0 1
26 34 1 1
26 38 1 1
26 19 1 1
26 33 1 1
26 35 1 1
26 36 0 1
26 37 1 1
26 0 1 1
26 1 0 1
26 2 0 1
26 3 0 1
26 4 1 1
26 5 0 1
26 6 1 1
26 7 1 1
26 8 1 1
26 9 1 1
26 10 0 1
26 11 1 1
26 12 0 1
26 13 0 1
26 14 1 1
26 15 0 1
26 16 0 1
26 17 1 1
26 18 0 1
26 20 1 1
26 21 1 1
26 22 0 1
26 23 1 1
26 24 0 1
26 25 0 1
26 26 0 1
26 27 1 1
26 28 0 1
26 29 0 1
26 30 1 1
26 31 0 1
26 32 0 1
27 34 0 1
27 38 1 1
27 19 1 1
27 33 1 1
27 35 1 1
27 36 0 1
27 37 1 1
27 0 1 1
27 1 0 1
27 2 0 1
27 3 0 1
27 4 1 1
27 5 0 1
27 6 1 1
27 7 1 1
27 8 0 1
27 9 1 1
27 10 0 1
27 11 0 1
27 12 0 1
27 13 0 1
27 14 1 1
27 15 0 1
27 16 0 1
27 17 1 1
27 18 0 1
27 20 1 1
27 21 0 1
27 22 0 1
27 23 0 1
27 24 1 1
27 25 0 1
27 26 0 1
27 27 0 1
27 28 0 1
27 29 0 1
27 30 0 1
27 31 1 1
27 32 0 1
28 34 0 1
28 38 1 1
28 19 1 1
28 33 1 1
28 35 1 1
28 36 1 1
28 37 1 1
28 0 1 1
28 1 0 1
28 2 0 1
28 3 1 1
28 4 1 1
28 5 0 1
28 6 1 1
28 7 0 1
28 8 0 1
28 9 1 1
28 10 0 1
28 11 0 1
28 12 0 1
28 13 0 1
28 14 1 1
28 15 0 1
28 16 0 1
28 17 0 1
28 18 0 1
28 20 1 1
28 21 0 1
28 22 1 1
28 23 0 1
28 24 0 1
28 25 1 1
28 26 0 1
28 27 0 1
28 28 0 1
28 29 0 1
28 30 0 1
28 31 0 1
28 32 0 1
30 34 0 1
30 38 1 1
30 19 1 1
30 33 1 1
30 35 1 1
30 36 1 1
30 37 1 1
30 0 1 1
30 1 1 1
30 2 0 1
30 3 1 1
30 4 1 1
30 5 1 1
30 6 1 1
30 7 0 1
30 8 1 1
30 9 1 1
30 10 0 1
30 11 0 1
30 12 0 1
30 13 0 1
30 14 0 1
30 15 0 1
30 16 0 1
30 17 1 1
30 18 0 1
30 20 1 1
30 21 0 1
30 22 0 1
30 23 1 1
30 24 0 1
30 25 1 1
30 26 0 1
30 27 1 1
30 28 1 1
30 29 0 1
30 30 1 1
30 31 1 1
30 32 0 1
31 34 0 1
31 38 1 1
31 19 1 1
31 33 1 1
31 35 1 1
31 36 1 1
31 37 1 1
31 0 1 1
31 1 0 1
31 2 0 1
31 3 1 1
31 4 1 1
31 5 0 1
31 6 1 1
31 7 1 1
31 8 0 1
31 9 1 1
31 10 0 1
31 11 0 1
31 12 0 1
31 13 0 1
31 14 1 1
31 15 0 1
31 16 0 1
31 17 1 1
31 18 0 1
31 20 1 1
31 21 0 1
31 22 0 1
31 23 0 1
31 24 0 1
31 25 1 1
31 26 0 1
31 27 1 1
31 28 0 1
31 29 0 1
31 30 1 1
31 31 1 1
31 32 0 1
32 34 0 1
32 38 0 1
32 19 1 1
32 33 1 1
32 35 0 1
32 36 1 1
32 37 1 1
32 0 1 1
32 1 0 1
32 2 0 1
32 3 0 1
32 4 1 1
32 5 0 1
32 6 1 1
32 7 1 1
32 8 1 1
32 9 1 1
32 10 0 1
32 11 0 1
32 12 0 1
32 13 1 1
32 14 1 1
32 15 0 1
32 16 0 1
32 17 0 1
32 18 0 1
32 20 1 1
32 21 0 1
32 22 0 1
32 23 1 1
32 24 0 1
32 25 1 1
32 26 1 1
32 27 1 1
32 28 0 1
32 29 0 1
32 30 0 1
32 31 1 1
32 32 0 1
33 34 1 1
33 38 1 1
33 19 1 1
33 33 1 1
33 35 1 1
33 36 1 1
33 37 1 1
33 0 1 1
33 1 1 1
33 2 0 1
33 3 1 1
33 4 1 1
33 5 0 1
33 6 1 1
33 7 1 1
33 8 0 1
33 9 1 1
33 10 0 1
33 11 1 1
33 12 0 1
33 13 0 1
33 14 1 1
33 15 0 1
33 16 1 1
33 17 1 1
33 18 0 1
33 20 1 1
33 21 0 1
33 22 0 1
33 23 1 1
33 24 0 1
33 25 1 1
33 26 0 1
33 27 0 1
33 28 1 1
33 29 0 1
33 30 1 1
33 31 1 1
33 32 1 1
35 34 0 1
35 38 0 1
35 19 1 1
35 33 1 1
35 35 0 1
35 36 1 1
35 37 1 1
35 0 1 1
35 1 0 1
35 2 0 1
35 3 0 1
35 4 0 1
35 5 0 1
35 6 1 1
35 7 0 1
35 8 0 1
35 9 0 1
35 10 0 1
35 11 0 1
35 12 0 1
35 13 0 1
35 14 0 1
35 15 0 1
35 16 0 1
35 17 0 1
35 18 0 1
35 20 1 1
35 21 0 1
35 22 0 1
35 23 0 1
35 24 0 1
35 25 0 1
35 26 0 1
35 27 0 1
35 28 0 1
35 29 0 1
35 30 0 1
35 31 0 1
35 32 0 1
36 34 1 1
36 38 1 1
36 19 1 1
36 33 1 1
36 35 1 1
36 36 1 1
36 37 1 1
36 0 1 1
36 1 1 1
36 2 0 1
36 3 0 1
36 4 1 1
36 5 1 1
36 6 1 1
36 7 0 1
36 8 1 1
36 9 1 1
36 10 0 1
36 11 0 1
36 12 1 1
36 13 0 1
36 14 0 1
36 15 0 1
36 16 0 1
36 17 1 1
36 18 0 1
36 20 1 1
36 21 0 1
36 22 0 1
36 23 1 1
36 24 0 1
36 25 0 1
36 26 0 1
36 27 0 1
36 28 1 1
36 29 0 1
36 30 1 1
36 31 0 1
36 32 0 1
38 34 0 1
38 38 0 1
38 19 1 1
38 33 1 1
38 35 0 1
38 36 1 1
38 37 1 1
38 0 1 1
38 1 0 1
38 2 1 1
38 3 1 1
38 4 1 1
38 5 0 1
38 6 1 1
38 7 1 1
38 8 1 1
38 9 0 1
38 10 1 1
38 11 0 1
38 12 1 1
38 13 0 1
38 14 0 1
38 15 0 1
38 16 0 1
38 17 0 1
38 18 0 1
38 20 0 1
38 21 0 1
38 22 0 1
38 23 0 1
38 24 0 1
38 25 0 1
38 26 0 1
38 27 0 1
38 28 1 1
38 29 1 1
38 30 0 1
38 31 0 1
38 32 0 1
42 34 0 1
42 38 0 1
42 19 0 1
42 33 1 1
42 35 0 1
42 36 1 1
42 37 1 1
42 0 0 1
42 1 0 1
42 2 0 1
42 3 0 1
42 4 1 1
42 5 0 1
42 6 0 1
42 7 1 1
42 8 0 1
42 9 0 1
42 10 0 1
42 11 0 1
42 12 0 1
42 13 1 1
42 14 0 1
42 15 1 1
42 16 0 1
42 17 0 1
42 18 0 1
42 20 0 1
42 21 0 1
42 22 0 1
42 23 0 1
42 24 0 1
42 25 0 1
42 26 0 1
42 27 0 1
42 28 0 1
42 29 0 1
42 30 0 1
42 31 0 1
42 32 0 1
43 34 1 1
43 38 0 1
43 19 1 1
43 33 1 1
43 35 1 1
43 36 1 1
43 37 1 1
43 0 1 1
43 1 1 1
43 2 0 1
43 3 1 1
43 4 1 1
43 5 0 1
43 6 1 1
43 7 1 1
43 8 0 1
43 9 1 1
43 10 0 1
43 11 1 1
43 12 1 1
43 13 0 1
43 14 1 1
43 15 0 1
43 16 0 1
43 17 1 1
43 18 0 1
43 20 1 1
43 21 0 1
43 22 1 1
43 23 1 1
43 24 1 1
43 25 0 1
43 26 0 1
43 27 1 1
43 28 0 1
43 29 0 1
43 30 1 1
43 31 1 1
43 32 1 1
44 34 1 1
44 38 0 1
44 19 1 1
44 33 1 1
44 35 1 1
44 36 1 1
44 37 1 1
44 0 1 1
44 1 0 1
44 2 1 1
44 3 0 1
44 4 1 1
44 5 1 1
44 6 1 1
44 7 0 1
44 8 1 1
44 9 1 1
44 10 0 1
44 11 0 1
44 12 1 1
44 13 0 1
44 14 1 1
44 15 0 1
44 16 0 1
44 17 1 1
44 18 0 1
44 20 1 1
44 21 0 1
44 22 0 1
44 23 1 1
44 24 0 1
44 25 1 1
44 26 0 1
44 27 1 1
44 28 0 1
44 29 0 1
44 30 0 1
44 31 1 1
44 32 0 1
45 34 0 1
45 38 0 1
45 19 0 1
45 33 0 1
45 35 0 1
45 36 0 1
45 37 0 1
45 0 0 1
45 1 0 1
45 2 0 1
45 3 0 1
45 4 1 1
45 5 0 1
45 6 0 1
45 7 0 1
45 8 0 1
45 9 1 1
45 10 0 1
45 11 0 1
45 12 1 1
45 13 0 1
45 14 0 1
45 15 0 1
45 16 1 1
45 17 1 1
45 18 0 1
45 20 1 1
45 21 0 1
45 22 0 1
45 23 0 1
45 24 0 1
45 25 0 1
45 26 0 1
45 27 0 1
45 28 0 1
45 29 0 1
45 30 1 1
45 31 0 1
45 32 0 1
46 34 1 1
46 38 0 1
46 19 1 1
46 33 1 1
46 35 0 1
46 36 1 1
46 37 1 1
46 0 1 1
46 1 0 1
46 2 0 1
46 3 0 1
46 4 1 1
46 5 0 1
46 6 1 1
46 7 1 1
46 8 1 1
46 9 1 1
46 10 0 1
46 11 0 1
46 12 1 1
46 13 1 1
46 14 1 1
46 15 1 1
46 16 0 1
46 17 1 1
46 18 0 1
46 20 1 1
46 21 0 1
46 22 1 1
46 23 1 1
46 24 0 1
46 25 1 1
46 26 0 1
46 27 0 1
46 28 1 1
46 29 0 1
46 30 0 1
46 31 1 1
46 32 0 1
47 34 1 1
47 38 0 1
47 19 1 1
47 33 1 1
47 35 1 1
47 36 1 1
47 37 1 1
47 0 1 1
47 1 1 1
47 2 0 1
47 3 1 1
47 4 1 1
47 5 1 1
47 6 1 1
47 7 1 1
47 8 1 1
47 9 1 1
47 10 0 1
47 11 1 1
47 12 1 1
47 13 0 1
47 14 1 1
47 15 0 1
47 16 0 1
47 17 1 1
47 18 0 1
47 20 1 1
47 21 0 1
47 22 0 1
47 23 1 1
47 24 1 1
47 25 0 1
47 26 0 1
47 27 1 1
47 28 1 1
47 29 0 1
47 30 1 1
47 31 0 1
47 32 0 1
48 34 0 0
48 38 1 0
48 19 1 0
48 33 1 0
48 35 1 0
48 36 1 0
48 37 0 0
48 0 1 0
48 1 0 0
48 2 1 0
48 3 1 0
48 4 1 0
48 5 1 0
48 6 1 0
48 7 0 0
48 8 1 0
48 9 0 0
48 10 0 0
48 11 1 0
48 12 1 0
48 13 0 0
48 14 1 0
48 15 0 0
48 16 0 0
48 17 0 0
48 18 0 0
48 20 0 0
48 21 1 0
48 22 0 0
48 23 1 0
48 24 0 0
48 25 1 0
48 26 1 0
48 27 1 0
48 28 0 0
48 29 0 0
48 30 0 0
48 31 0 0
48 32 1 0
49 34 0 0
49 38 1 0
49 19 1 0
49 33 1 0
49 35 1 0
49 36 1 0
49 37 1 0
49 0 1 0
49 1 0 0
49 2 0 0
49 3 0 0
49 4 0 0
49 5 0 0
49 6 1 0
49 7 0 0
49 8 1 0
49 9 0 0
49 10 0 0
49 11 0 0
49 12 1 0
49 13 0 0
49 14 0 0
49 15 0 0
49 16 0 0
49 17 0 0
49 18 0 0
49 20 1 0
49 21 1 0
49 22 0 0
49 23 1 0
49 24 0 0
49 25 0 0
49 26 0 0
49 27 0 0
49 28 0 0
49 29 0 0
49 30 0 0
49 31 0 0
49 32 0 0
50 34 0 0
50 38 0 0
50 19 1 0
50 33 1 0
50 35 1 0
50 36 1 0
50 37 0 0
50 0 0 0
50 1 0 0
50 2 1 0
50 3 0 0
50 4 0 0
50 5 0 0
50 6 1 0
50 7 0 0
50 8 1 0
50 9 0 0
50 10 1 0
50 11 0 0
50 12 0 0
50 13 0 0
50 14 0 0
50 15 1 0
50 16 0 0
50 17 0 0
50 18 0 0
50 20 1 0
50 21 1 0
50 22 0 0
50 23 1 0
50 24 0 0
50 25 0 0
50 26 0 0
50 27 0 0
50 28 0 0
50 29 0 0
50 30 0 0
50 31 0 0
50 32 0 0
51 34 0 0
51 38 0 0
51 19 0 0
51 33 0 0
51 35 0 0
51 36 1 0
51 37 1 0
51 0 0 0
51 1 0 0
51 2 1 0
51 3 1 0
51 4 0 0
51 5 0 0
51 6 1 0
51 7 0 0
51 8 0 0
51 9 0 0
51 10 0 0
51 11 0 0
51 12 0 0
51 13 0 0
51 14 0 0
51 15 0 0
51 16 0 0
51 17 0 0
51 18 0 0
51 20 0 0
51 21 0 0
51 22 0 0
51 23 0 0
51 24 0 0
51 25 0 0
51 26 0 0
51 27 0 0
51 28 0 0
51 29 0 0
51 30 0 0
51 31 0 0
51 32 0 0
53 34 0 0
53 38 1 0
53 19 1 0
53 33 1 0
53 35 1 0
53 36 1 0
53 37 1 0
53 0 0 0
53 1 0 0
53 2 0 0
53 3 0 0
53 4 1 0
53 5 0 0
53 6 1 0
53 7 0 0
53 8 0 0
53 9 0 0
53 10 0 0
53 11 0 0
53 12 0 0
53 13 0 0
53 14 1 0
53 15 0 0
53 16 0 0
53 17 0 0
53 18 1 0
53 20 0 0
53 21 0 0
53 22 0 0
53 23 0 0
53 24 1 0
53 25 0 0
53 26 1 0
53 27 1 0
53 28 0 0
53 29 0 0
53 30 0 0
53 31 0 0
53 32 0 0
55 34 0 0
55 38 1 0
55 19 1 0
55 33 1 0
55 35 1 0
55 36 1 0
55 37 1 0
55 0 1 0
55 1 0 0
55 2 1 0
55 3 0 0
55 4 0 0
55 5 0 0
55 6 1 0
55 7 1 0
55 8 1 0
55 9 1 0
55 10 0 0
55 11 0 0
55 12 1 0
55 13 1 0
55 14 1 0
55 15 1 0
55 16 0 0
55 17 0 0
55 18 1 0
55 20 1 0
55 21 1 0
55 22 0 0
55 23 0 0
55 24 1 0
55 25 0 0
55 26 0 0
55 27 1 0
55 28 0 0
55 29 1 0
55 30 0 0
55 31 0 0
55 32 0 0
56 34 0 0
56 38 1 0
56 19 0 0
56 33 1 0
56 35 1 0
56 36 1 0
56 37 1 0
56 0 0 0
56 1 0 0
56 2 0 0
56 3 0 0
56 4 0 0
56 5 0 0
56 6 1 0
56 7 0 0
56 8 1 0
56 9 0 0
56 10 0 0
56 11 0 0
56 12 0 0
56 13 0 0
56 14 0 0
56 15 1 0
56 16 0 0
56 17 0 0
56 18 0 0
56 20 0 0
56 21 0 0
56 22 0 0
56 23 1 0
56 24 0 0
56 25 0 0
56 26 0 0
56 27 0 0
56 28 0 0
56 29 0 0
56 30 0 0
56 31 0 0
56 32 0 0
58 34 0 0
58 38 1 0
58 19 1 0
58 33 1 0
58 35 1 0
58 36 1 0
58 37 1 0
58 0 1 0
58 1 1 0
58 2 1 0
58 3 0 0
58 4 1 0
58 5 0 0
58 6 0 0
58 7 0 0
58 8 1 0
58 9 1 0
58 10 0 0
58 11 1 0
58 12 1 0
58 13 0 0
58 14 0 0
58 15 0 0
58 16 1 0
58 17 1 0
58 18 1 0
58 20 1 0
58 21 1 0
58 22 1 0
58 23 1 0
58 24 1 0
58 25 1 0
58 26 0 0
58 27 1 0
58 28 1 0
58 29 0 0
58 30 1 0
58 31 0 0
58 32 1 0
59 34 0 0
59 38 0 0
59 19 1 0
59 33 1 0
59 35 0 0
59 36 1 0
59 37 0 0
59 0 0 0
59 1 0 0
59 2 1 0
59 3 1 0
59 4 1 0
59 5 0 0
59 6 1 0
59 7 0 0
59 8 0 0
59 9 0 0
59 10 0 0
59 11 0 0
59 12 0 0
59 13 1 0
59 14 1 0
59 15 0 0
59 16 0 0
59 17 0 0
59 18 0 0
59 20 0 0
59 21 0 0
59 22 0 0
59 23 0 0
59 24 0 0
59 25 0 0
59 26 0 0
59 27 0 0
59 28 0 0
59 29 0 0
59 30 0 0
59 31 0 0
59 32 0 0
61 34 0 0
61 38 0 0
61 19 0 0
61 33 1 0
61 35 0 0
61 36 0 0
61 37 0 0
61 0 0 0
61 1 0 0
61 2 1 0
61 3 1 0
61 4 0 0
61 5 0 0
61 6 0 0
61 7 0 0
61 8 0 0
61 9 0 0
61 10 0 0
61 11 0 0
61 12 0 0
61 13 1 0
61 14 0 0
61 15 0 0
61 16 0 0
61 17 0 0
61 18 0 0
61 20 0 0
61 21 0 0
61 22 0 0
61 23 0 0
61 24 0 0
61 25 0 0
61 26 0 0
61 27 0 0
61 28 0 0
61 29 0 0
61 30 0 0
61 31 0 0
61 32 0 0
62 34 0 0
62 38 0 0
62 19 0 0
62 33 1 0
62 35 0 0
62 36 1 0
62 37 0 0
62 0 0 0
62 1 0 0
62 2 1 0
62 3 0 0
62 4 0 0
62 5 0 0
62 6 1 0
62 7 0 0
62 8 0 0
62 9 0 0
62 10 0 0
62 11 0 0
62 12 0 0
62 13 1 0
62 14 0 0
62 15 1 0
62 16 0 0
62 17 0 0
62 18 0 0
62 20 0 0
62 21 0 0
62 22 0 0
62 23 0 0
62 24 0 0
62 25 0 0
62 26 0 0
62 27 1 0
62 28 0 0
62 29 0 0
62 30 0 0
62 31 0 0
62 32 0 0
63 34 0 0
63 38 0 0
63 19 0 0
63 33 1 0
63 35 0 0
63 36 1 0
63 37 0 0
63 0 0 0
63 1 0 0
63 2 1 0
63 3 0 0
63 4 0 0
63 5 0 0
63 6 1 0
63 7 0 0
63 8 0 0
63 9 0 0
63 10 0 0
63 11 0 0
63 12 0 0
63 13 1 0
63 14 0 0
63 15 1 0
63 16 0 0
63 17 0 0
63 18 0 0
63 20 0 0
63 21 0 0
63 22 0 0
63 23 0 0
63 24 0 0
63 25 0 0
63 26 0 0
63 27 1 0
63 28 0 0
63 29 0 0
63 30 0 0
63 31 0 0
63 32 0 0
64 34 0 0
64 38 0 0
64 19 0 0
64 33 1 0
64 35 0 0
64 36 1 0
64 37 0 0
64 0 0 0
64 1 0 0
64 2 0 0
64 3 0 0
64 4 0 0
64 5 0 0
64 6 0 0
64 7 0 0
64 8 0 0
64 9 0 0
64 10 0 0
64 11 0 0
64 12 0 0
64 13 1 0
64 14 0 0
64 15 0 0
64 16 0 0
64 17 0 0
64 18 0 0
64 20 0 0
64 21 0 0
64 22 0 0
64 23 0 0
64 24 0 0
64 25 0 0
64 26 0 0
64 27 0 0
64 28 0 0
64 29 0 0
64 30 0 0
64 31 0 0
64 32 0 0
65 34 0 0
65 38 1 0
65 19 1 0
65 33 1 0
65 35 1 0
65 36 1 0
65 37 1 0
65 0 0 0
65 1 0 0
65 2 0 0
65 3 0 0
65 4 1 0
65 5 0 0
65 6 1 0
65 7 0 0
65 8 0 0
65 9 0 0
65 10 1 0
65 11 1 0
65 12 0 0
65 13 1 0
65 14 1 0
65 15 0 0
65 16 0 0
65 17 0 0
65 18 1 0
65 20 0 0
65 21 0 0
65 22 0 0
65 23 0 0
65 24 0 0
65 25 0 0
65 26 0 0
65 27 1 0
65 28 0 0
65 29 0 0
65 30 0 0
65 31 0 0
65 32 0 0
66 34 0 0
66 38 0 0
66 19 1 0
66 33 1 0
66 35 0 0
66 36 0 0
66 37 1 0
66 0 0 0
66 1 0 0
66 2 0 0
66 3 0 0
66 4 1 0
66 5 0 0
66 6 1 0
66 7 0 0
66 8 0 0
66 9 0 0
66 10 0 0
66 11 0 0
66 12 0 0
66 13 1 0
66 14 0 0
66 15 1 0
66 16 0 0
66 17 0 0
66 18 0 0
66 20 0 0
66 21 0 0
66 22 0 0
66 23 0 0
66 24 0 0
66 25 0 0
66 26 0 0
66 27 1 0
66 28 0 0
66 29 0 0
66 30 0 0
66 31 0 0
66 32 0 0
67 34 0 0
67 38 0 0
67 19 1 0
67 33 1 0
67 35 0 0
67 36 1 0
67 37 1 0
67 0 0 0
67 1 0 0
67 2 0 0
67 3 1 0
67 4 0 0
67 5 0 0
67 6 1 0
67 7 0 0
67 8 0 0
67 9 0 0
67 10 0 0
67 11 0 0
67 12 0 0
67 13 1 0
67 14 0 0
67 15 0 0
67 16 0 0
67 17 0 0
67 18 1 0
67 20 0 0
67 21 0 0
67 22 0 0
67 23 0 0
67 24 0 0
67 25 0 0
67 26 0 0
67 27 1 0
67 28 0 0
67 29 0 0
67 30 0 0
67 31 0 0
67 32 0 0
68 34 1 0
68 38 0 0
68 19 1 0
68 33 1 0
68 35 1 0
68 36 1 0
68 37 1 0
68 0 1 0
68 1 0 0
68 2 1 0
68 3 1 0
68 4 1 0
68 5 0 0
68 6 1 0
68 7 0 0
68 8 1 0
68 9 0 0
68 10 0 0
68 11 0 0
68 12 1 0
68 13 1 0
68 14 1 0
68 15 0 0
68 16 1 0
68 17 0 0
68 18 0 0
68 20 0 0
68 21 1 0
68 22 0 0
68 23 1 0
68 24 0 0
68 25 1 0
68 26 1 0
68 27 0 0
68 28 1 0
68 29 0 0
68 30 1 0
68 31 0 0
68 32 1 0
69 34 0 0
69 38 1 0
69 19 1 0
69 33 1 0
69 35 0 0
69 36 1 0
69 37 1 0
69 0 0 0
69 1 0 0
69 2 0 0
69 3 0 0
69 4 0 0
69 5 0 0
69 6 0 0
69 7 0 0
69 8 0 0
69 9 0 0
69 10 0 0
69 11 0 0
69 12 0 0
69 13 1 0
69 14 0 0
69 15 0 0
69 16 0 0
69 17 0 0
69 18 0 0
69 20 0 0
69 21 0 0
69 22 0 0
69 23 0 0
69 24 0 0
69 25 0 0
69 26 0 0
69 27 1 0
69 28 0 0
69 29 0 0
69 30 0 0
69 31 0 0
69 32 0 0
71 34 0 0
71 38 1 0
71 19 1 0
71 33 0 0
71 35 1 0
71 36 1 0
71 37 0 0
71 0 0 0
71 1 0 0
71 2 0 0
71 3 0 0
71 4 1 0
71 5 1 0
71 6 1 0
71 7 0 0
71 8 0 0
71 9 0 0
71 10 0 0
71 11 0 0
71 12 0 0
71 13 1 0
71 14 0 0
71 15 0 0
71 16 0 0
71 17 0 0
71 18 1 0
71 20 0 0
71 21 0 0
71 22 0 0
71 23 0 0
71 24 1 0
71 25 0 0
71 26 0 0
71 27 0 0
71 28 0 0
71 29 0 0
71 30 0 0
71 31 0 0
71 32 0 0
72 34 0 0
72 38 1 0
72 19 1 0
72 33 1 0
72 35 1 0
72 36 1 0
72 37 0 0
72 0 0 0
72 1 0 0
72 2 0 0
72 3 0 0
72 4 1 0
72 5 1 0
72 6 1 0
72 7 0 0
72 8 0 0
72 9 0 0
72 10 0 0
72 11 0 0
72 12 0 0
72 13 1 0
72 14 0 0
72 15 1 0
72 16 0 0
72 17 0 0
72 18 0 0
72 20 0 0
72 21 0 0
72 22 0 0
72 23 0 0
72 24 1 0
72 25 0 0
72 26 0 0
72 27 1 0
72 28 0 0
72 29 0 0
72 30 0 0
72 31 0 0
72 32 0 0
74 34 0 0
74 38 0 0
74 19 0 0
74 33 1 0
74 35 0 0
74 36 1 0
74 37 1 0
74 0 0 0
74 1 0 0
74 2 0 0
74 3 1 0
74 4 0 0
74 5 0 0
74 6 1 0
74 7 0 0
74 8 0 0
74 9 0 0
74 10 0 0
74 11 0 0
74 12 0 0
74 13 0 0
74 14 0 0
74 15 0 0
74 16 0 0
74 17 0 0
74 18 0 0
74 20 0 0
74 21 0 0
74 22 0 0
74 23 0 0
74 24 0 0
74 25 0 0
74 26 0 0
74 27 0 0
74 28 0 0
74 29 0 0
74 30 0 0
74 31 0 0
74 32 0 0
75 34 0 0
75 38 1 0
75 19 1 0
75 33 1 0
75 35 1 0
75 36 1 0
75 37 0 0
75 0 1 0
75 1 0 0
75 2 1 0
75 3 0 0
75 4 1 0
75 5 1 0
75 6 1 0
75 7 0 0
75 8 0 0
75 9 0 0
75 10 0 0
75 11 0 0
75 12 0 0
75 13 1 0
75 14 1 0
75 15 1 0
75 16 0 0
75 17 0 0
75 18 1 0
75 20 0 0
75 21 0 0
75 22 0 0
75 23 0 0
75 24 0 0
75 25 0 0
75 26 0 0
75 27 0 0
75 28 0 0
75 29 0 0
75 30 0 0
75 31 0 0
75 32 0 0
76 34 0 0
76 38 0 0
76 19 1 0
76 33 1 0
76 35 1 0
76 36 1 0
76 37 1 0
76 0 0 0
76 1 0 0
76 2 1 0
76 3 0 0
76 4 0 0
76 5 0 0
76 6 1 0
76 7 0 0
76 8 0 0
76 9 0 0
76 10 0 0
76 11 0 0
76 12 1 0
76 13 1 0
76 14 0 0
76 15 1 0
76 16 0 0
76 17 0 0
76 18 0 0
76 20 1 0
76 21 0 0
76 22 0 0
76 23 0 0
76 24 0 0
76 25 0 0
76 26 0 0
76 27 1 0
76 28 0 0
76 29 0 0
76 30 0 0
76 31 0 0
76 32 0 0
77 34 0 0
77 38 0 0
77 19 1 0
77 33 1 0
77 35 0 0
77 36 1 0
77 37 1 0
77 0 0 0
77 1 0 0
77 2 1 0
77 3 1 0
77 4 1 0
77 5 1 0
77 6 1 0
77 7 0 0
77 8 0 0
77 9 0 0
77 10 0 0
77 11 0 0
77 12 0 0
77 13 1 0
77 14 1 0
77 15 0 0
77 16 0 0
77 17 0 0
77 18 0 0
77 20 0 0
77 21 0 0
77 22 0 0
77 23 0 0
77 24 1 0
77 25 0 0
77 26 0 0
77 27 1 0
77 28 0 0
77 29 0 0
77 30 0 0
77 31 0 0
77 32 0 0
78 34 0 0
78 38 0 0
78 19 0 0
78 33 1 0
78 35 1 0
78 36 1 0
78 37 1 0
78 0 0 0
78 1 0 0
78 2 0 0
78 3 1 0
78 4 0 0
78 5 1 0
78 6 1 0
78 7 0 0
78 8 0 0
78 9 0 0
78 10 0 0
78 11 0 0
78 12 0 0
78 13 1 0
78 14 0 0
78 15 1 0
78 16 0 0
78 17 0 0
78 18 0 0
78 20 0 0
78 21 0 0
78 22 0 0
78 23 0 0
78 24 0 0
78 25 0 0
78 26 0 0
78 27 1 0
78 28 0 0
78 29 0 0
78 30 0 0
78 31 0 0
78 32 0 0
79 34 0 0
79 38 0 0
79 19 1 0
79 33 0 0
79 35 0 0
79 36 1 0
79 37 1 0
79 0 0 0
79 1 0 0
79 2 0 0
79 3 1 0
79 4 0 0
79 5 1 0
79 6 1 0
79 7 0 0
79 8 0 0
79 9 0 0
79 10 0 0
79 11 0 0
79 12 0 0
79 13 1 0
79 14 0 0
79 15 0 0
79 16 0 0
79 17 0 0
79 18 0 0
79 20 0 0
79 21 0 0
79 22 0 0
79 23 0 0
79 24 0 0
79 25 0 0
79 26 0 0
79 27 1 0
79 28 0 0
79 29 0 0
79 30 0 0
79 31 0 0
79 32 0 0
81 34 0 0
81 38 0 0
81 19 0 0
81 33 0 0
81 35 0 0
81 36 1 0
81 37 0 0
81 0 0 0
81 1 0 0
81 2 0 0
81 3 1 0
81 4 1 0
81 5 0 0
81 6 0 0
81 7 0 0
81 8 0 0
81 9 0 0
81 10 0 0
81 11 0 0
81 12 1 0
81 13 0 0
81 14 0 0
81 15 0 0
81 16 0 0
81 17 1 0
81 18 0 0
81 20 1 0
81 21 0 0
81 22 0 0
81 23 0 0
81 24 1 0
81 25 0 0
81 26 0 0
81 27 0 0
81 28 0 0
81 29 0 0
81 30 1 0
81 31 0 0
81 32 0 0
82 34 0 0
82 38 1 0
82 19 1 0
82 33 1 0
82 35 1 0
82 36 1 0
82 37 1 0
82 0 0 0
82 1 0 0
82 2 1 0
82 3 0 0
82 4 1 0
82 5 0 0
82 6 1 0
82 7 0 0
82 8 1 0
82 9 0 0
82 10 1 0
82 11 1 0
82 12 0 0
82 13 0 0
82 14 1 0
82 15 0 0
82 16 1 0
82 17 0 0
82 18 1 0
82 20 0 0
82 21 0 0
82 22 0 0
82 23 0 0
82 24 1 0
82 25 0 0
82 26 1 0
82 27 1 0
82 28 0 0
82 29 0 0
82 30 0 0
82 31 1 0
82 32 0 0
83 34 0 0
83 38 1 0
83 19 1 0
83 33 1 0
83 35 1 0
83 36 0 0
83 37 1 0
83 0 0 0
83 1 0 0
83 2 1 0
83 3 0 0
83 4 0 0
83 5 0 0
83 6 1 0
83 7 0 0
83 8 0 0
83 9 0 0
83 10 0 0
83 11 0 0
83 12 0 0
83 13 1 0
83 14 0 0
83 15 1 0
83 16 0 0
83 17 0 0
83 18 0 0
83 20 0 0
83 21 0 0
83 22 0 0
83 23 0 0
83 24 0 0
83 25 0 0
83 26 0 0
83 27 1 0
83 28 0 0
83 29 0 0
83 30 0 0
83 31 0 0
83 32 0 0
84 34 0 0
84 38 0 0
84 19 1 0
84 33 1 0
84 35 0 0
84 36 1 0
84 37 1 0
84 0 0 0
84 1 0 0
84 2 1 0
84 3 0 0
84 4 0 0
84 5 0 0
84 6 1 0
84 7 0 0
84 8 0 0
84 9 0 0
84 10 0 0
84 11 0 0
84 12 0 0
84 13 1 0
84 14 0 0
84 15 1 0
84 16 0 0
84 17 0 0
84 18 0 0
84 20 0 0
84 21 0 0
84 22 0 0
84 23 0 0
84 24 0 0
84 25 0 0
84 26 0 0
84 27 1 0
84 28 0 0
84 29 0 0
84 30 0 0
84 31 0 0
84 32 0 0
86 34 0 0
86 38 0 0
86 19 0 0
86 33 1 0
86 35 0 0
86 36 1 0
86 37 1 0
86 0 0 0
86 1 0 0
86 2 0 0
86 3 1 0
86 4 0 0
86 5 0 0
86 6 0 0
86 7 0 0
86 8 0 0
86 9 0 0
86 10 0 0
86 11 0 0
86 12 0 0
86 13 0 0
86 14 0 0
86 15 0 0
86 16 0 0
86 17 0 0
86 18 0 0
86 20 0 0
86 21 0 0
86 22 0 0
86 23 0 0
86 24 1 0
86 25 1 0
86 26 1 0
86 27 0 0
86 28 0 0
86 29 0 0
86 30 0 0
86 31 0 0
86 32 1 0
88 34 0 0
88 38 0 0
88 19 1 0
88 33 1 0
88 35 1 0
88 36 1 0
88 37 1 0
88 0 0 0
88 1 0 0
88 2 0 0
88 3 0 0
88 4 0 0
88 5 0 0
88 6 1 0
88 7 0 0
88 8 0 0
88 9 0 0
88 10 0 0
88 11 0 0
88 12 0 0
88 13 0 0
88 14 0 0
88 15 0 0
88 16 0 0
88 17 0 0
88 18 0 0
88 20 0 0
88 21 0 0
88 22 0 0
88 23 0 0
88 24 0 0
88 25 0 0
88 26 0 0
88 27 0 0
88 28 0 0
88 29 0 0
88 30 0 0
88 31 0 0
88 32 0 0
89 34 0 0
89 38 1 0
89 19 1 0
89 33 1 0
89 35 0 0
89 36 1 0
89 37 1 0
89 0 1 0
89 1 0 0
89 2 0 0
89 3 1 0
89 4 1 0
89 5 0 0
89 6 1 0
89 7 0 0
89 8 0 0
89 9 0 0
89 10 0 0
89 11 0 0
89 12 0 0
89 13 1 0
89 14 0 0
89 15 0 0
89 16 1 0
89 17 0 0
89 18 0 0
89 20 0 0
89 21 0 0
89 22 0 0
89 23 0 0
89 24 0 0
89 25 0 0
89 26 0 0
89 27 1 0
89 28 0 0
89 29 0 0
89 30 0 0
89 31 0 0
89 32 0 0
90 34 0 0
90 38 1 0
90 19 1 0
90 33 1 0
90 35 0 0
90 36 1 0
90 37 1 0
90 0 1 0
90 1 0 0
90 2 1 0
90 3 0 0
90 4 1 0
90 5 0 0
90 6 1 0
90 7 0 0
90 8 0 0
90 9 0 0
90 10 0 0
90 11 0 0
90 12 0 0
90 13 0 0
90 14 0 0
90 15 0 0
90 16 0 0
90 17 0 0
90 18 0 0
90 20 1 0
90 21 0 0
90 22 0 0
90 23 0 0
90 24 0 0
90 25 0 0
90 26 0 0
90 27 1 0
90 28 0 0
90 29 0 0
90 30 1 0
90 31 0 0
90 32 0 0
91 34 0 0
91 38 0 0
91 19 0 0
91 33 1 0
91 35 1 0
91 36 1 0
91 37 1 0
91 0 0 0
91 1 0 0
91 2 0 0
91 3 0 0
91 4 0 0
91 5 0 0
91 6 1 0
91 7 0 0
91 8 0 0
91 9 0 0
91 10 1 0
91 11 0 0
91 12 0 0
91 13 0 0
91 14 1 0
91 15 0 0
91 16 0 0
91 17 0 0
91 18 0 0
91 20 0 0
91 21 0 0
91 22 0 0
91 23 0 0
91 24 0 0
91 25 0 0
91 26 0 0
91 27 0 0
91 28 0 0
91 29 0 0
91 30 0 0
91 31 0 0
91 32 0 0
92 34 0 0
92 38 0 0
92 19 1 0
92 33 1 0
92 35 1 0
92 36 1 0
92 37 1 0
92 0 0 0
92 1 0 0
92 2 1 0
92 3 0 0
92 4 0 0
92 5 0 0
92 6 1 0
92 7 0 0
92 8 0 0
92 9 0 0
92 10 0 0
92 11 0 0
92 12 0 0
92 13 1 0
92 14 0 0
92 15 1 0
92 16 0 0
92 17 0 0
92 18 0 0
92 20 0 0
92 21 0 0
92 22 0 0
92 23 0 0
92 24 0 0
92 25 0 0
92 26 0 0
92 27 1 0
92 28 0 0
92 29 0 0
92 30 0 0
92 31 0 0
92 32 0 0
93 34 0 0
93 38 0 0
93 19 1 0
93 33 1 0
93 35 1 0
93 36 1 0
93 37 1 0
93 0 0 0
93 1 0 0
93 2 1 0
93 3 0 0
93 4 0 0
93 5 0 0
93 6 1 0
93 7 0 0
93 8 1 0
93 9 0 0
93 10 0 0
93 11 0 0
93 12 0 0
93 13 0 0
93 14 0 0
93 15 1 0
93 16 0 0
93 17 0 0
93 18 0 0
93 20 0 0
93 21 0 0
93 22 0 0
93 23 0 0
93 24 1 0
93 25 0 0
93 26 0 0
93 27 1 0
93 28 0 0
93 29 0 0
93 30 0 0
93 31 0 0
93 32 0 0
94 34 0 0
94 38 0 0
94 19 1 0
94 33 1 0
94 35 0 0
94 36 1 0
94 37 1 0
94 0 0 0
94 1 0 0
94 2 1 0
94 3 0 0
94 4 1 0
94 5 0 0
94 6 1 0
94 7 0 0
94 8 0 0
94 9 0 0
94 10 0 0
94 11 0 0
94 12 0 0
94 13 0 0
94 14 0 0
94 15 0 0
94 16 0 0
94 17 0 0
94 18 0 0
94 20 0 0
94 21 0 0
94 22 0 0
94 23 0 0
94 24 0 0
94 25 0 0
94 26 0 0
94 27 0 0
94 28 0 0
94 29 0 0
94 30 0 0
94 31 0 0
94 32 0 0
95 34 0 0
95 38 0 0
95 19 1 0
95 33 1 0
95 35 1 0
95 36 1 0
95 37 1 0
95 0 0 0
95 1 0 0
95 2 1 0
95 3 0 0
95 4 0 0
95 5 0 0
95 6 1 0
95 7 0 0
95 8 0 0
95 9 0 0
95 10 0 0
95 11 0 0
95 12 0 0
95 13 1 0
95 14 0 0
95 15 0 0
95 16 0 0
95 17 0 0
95 18 0 0
95 20 0 0
95 21 0 0
95 22 0 0
95 23 0 0
95 24 0 0
95 25 0 0
95 26 0 0
95 27 1 0
95 28 0 0
95 29 0 0
95 30 0 0
95 31 0 0
95 32 0 0
96 34 0 0
96 38 0 0
96 19 0 0
96 33 1 0
96 35 0 0
96 36 1 0
96 37 1 0
96 0 0 0
96 1 0 0
96 2 0 0
96 3 0 0
96 4 0 0
96 5 0 0
96 6 1 0
96 7 0 0
96 8 1 0
96 9 0 0
96 10 0 0
96 11 0 0
96 12 0 0
96 13 1 0
96 14 0 0
96 15 1 0
96 16 0 0
96 17 0 0
96 18 0 0
96 20 1 0
96 21 0 0
96 22 0 0
96 23 0 0
96 24 0 0
96 25 0 0
96 26 0 0
96 27 0 0
96 28 0 0
96 29 0 0
96 30 0 0
96 31 0 0
96 32 0 0
98 34 1 0
98 38 1 0
98 19 1 0
98 33 0 0
98 35 1 0
98 36 1 0
98 37 1 0
98 0 1 0
98 1 0 0
98 2 1 0
98 3 1 0
98 4 1 0
98 5 0 0
98 6 1 0
98 7 0 0
98 8 1 0
98 9 1 0
98 10 0 0
98 11 1 0
98 12 0 0
98 13 0 0
98 14 1 0
98 15 0 0
98 16 1 0
98 17 1 0
98 18 0 0
98 20 0 0
98 21 0 0
98 22 0 0
98 23 1 0
98 24 0 0
98 25 1 0
98 26 0 0
98 27 1 0
98 28 1 0
98 29 0 0
98 30 0 0
98 31 0 0
98 32 1 0
99 34 0 0
99 38 1 0
99 19 1 0
99 33 0 0
99 35 1 0
99 36 1 0
99 37 1 0
99 0 0 0
99 1 0 0
99 2 0 0
99 3 1 0
99 4 0 0
99 5 1 0
99 6 1 0
99 7 0 0
99 8 0 0
99 9 0 0
99 10 0 0
99 11 0 0
99 12 0 0
99 13 1 0
99 14 0 0
99 15 0 0
99 16 0 0
99 17 0 0
99 18 0 0
99 20 0 0
99 21 0 0
99 22 0 0
99 23 0 0
99 24 0 0
99 25 0 0
99 26 0 0
99 27 1 0
99 28 0 0
99 29 0 0
99 30 0 0
99 31 0 0
99 32 0 0
100 34 0 0
100 38 0 0
100 19 1 0
100 33 0 0
100 35 1 0
100 36 1 0
100 37 1 0
100 0 0 0
100 1 0 0
100 2 1 0
100 3 0 0
100 4 1 0
100 5 1 0
100 6 1 0
100 7 0 0
100 8 0 0
100 9 0 0
100 10 0 0
100 11 0 0
100 12 0 0
100 13 0 0
100 14 1 0
100 15 0 0
100 16 0 0
100 17 0 0
100 18 1 0
100 20 0 0
100 21 0 0
100 22 0 0
100 23 0 0
100 24 0 0
100 25 0 0
100 26 0 0
100 27 1 0
100 28 0 0
100 29 0 0
100 30 0 0
100 31 0 0
100 32 0 0
102 34 0 0
102 38 0 0
102 19 1 0
102 33 1 0
102 35 1 0
102 36 1 0
102 37 1 0
102 0 0 0
102 1 0 0
102 2 1 0
102 3 0 0
102 4 0 0
102 5 1 0
102 6 1 0
102 7 0 0
102 8 0 0
102 9 0 0
102 10 0 0
102 11 0 0
102 12 0 0
102 13 1 0
102 14 0 0
102 15 0 0
102 16 0 0
102 17 0 0
102 18 0 0
102 20 0 0
102 21 0 0
102 22 0 0
102 23 0 0
102 24 0 0
102 25 0 0
102 26 0 0
102 27 1 0
102 28 0 0
102 29 0 0
102 30 0 0
102 31 0 0
102 32 0 0
103 34 0 0
103 38 0 0
103 19 1 0
103 33 1 0
103 35 1 0
103 36 1 0
103 37 0 0
103 0 1 0
103 1 0 0
103 2 0 0
103 3 0 0
103 4 0 0
103 5 0 0
103 6 1 0
103 7 0 0
103 8 0 0
103 9 1 0
103 10 0 0
103 11 0 0
103 12 1 0
103 13 0 0
103 14 0 0
103 15 0 0
103 16 0 0
103 17 0 0
103 18 0 0
103 20 0 0
103 21 0 0
103 22 0 0
103 23 0 0
103 24 0 0
103 25 0 0
103 26 0 0
103 27 0 0
103 28 0 0
103 29 0 0
103 30 0 0
103 31 0 0
103 32 0 0
104 34 0 0
104 38 0 0
104 19 1 0
104 33 1 0
104 35 1 0
104 36 1 0
104 37 1 0
104 0 1 0
104 1 0 0
104 2 0 0
104 3 0 0
104 4 0 0
104 5 0 0
104 6 1 0
104 7 0 0
104 8 0 0
104 9 0 0
104 10 0 0
104 11 0 0
104 12 0 0
104 13 1 0
104 14 0 0
104 15 1 0
104 16 0 0
104 17 0 0
104 18 0 0
104 20 0 0
104 21 0 0
104 22 0 0
104 23 0 0
104 24 0 0
104 25 0 0
104 26 0 0
104 27 0 0
104 28 0 0
104 29 0 0
104 30 0 0
104 31 0 0
104 32 0 0
105 34 0 0
105 38 0 0
105 19 0 0
105 33 1 0
105 35 1 0
105 36 1 0
105 37 1 0
105 0 0 0
105 1 0 0
105 2 0 0
105 3 1 0
105 4 0 0
105 5 0 0
105 6 1 0
105 7 1 0
105 8 0 0
105 9 0 0
105 10 0 0
105 11 0 0
105 12 0 0
105 13 1 0
105 14 0 0
105 15 0 0
105 16 0 0
105 17 0 0
105 18 0 0
105 20 0 0
105 21 0 0
105 22 0 0
105 23 0 0
105 24 0 0
105 25 0 0
105 26 0 0
105 27 1 0
105 28 0 0
105 29 0 0
105 30 0 0
105 31 0 0
105 32 0 0
106 34 0 0
106 38 0 0
106 19 0 0
106 33 1 0
106 35 0 0
106 36 1 0
106 37 1 0
106 0 0 0
106 1 0 0
106 2 0 0
106 3 0 0
106 4 0 0
106 5 0 0
106 6 1 0
106 7 0 0
106 8 0 0
106 9 0 0
106 10 0 0
106 11 0 0
106 12 0 0
106 13 0 0
106 14 0 0
106 15 0 0
106 16 0 0
106 17 0 0
106 18 0 0
106 20 0 0
106 21 0 0
106 22 0 0
106 23 0 0
106 24 0 0
106 25 0 0
106 26 0 0
106 27 0 0
106 28 0 0
106 29 0 0
106 30 0 0
106 31 0 0
106 32 0 0
107 34 0 0
107 38 0 0
107 19 0 0
107 33 1 0
107 35 1 0
107 36 1 0
107 37 1 0
107 0 0 0
107 1 0 0
107 2 1 0
107 3 1 0
107 4 0 0
107 5 0 0
107 6 0 0
107 7 0 0
107 8 0 0
107 9 0 0
107 10 0 0
107 11 0 0
107 12 0 0
107 13 0 0
107 14 0 0
107 15 0 0
107 16 0 0
107 17 0 0
107 18 0 0
107 20 0 0
107 21 0 0
107 22 0 0
107 23 0 0
107 24 0 0
107 25 0 0
107 26 0 0
107 27 0 0
107 28 0 0
107 29 0 0
107 30 0 0
107 31 0 0
107 32 0 0
